0.09300000000000007
0.06600000000000004
0.04900000000000004
0.04500000000000003
0.046000000000000034
0.04300000000000003
0.03300000000000002
0.028000000000000018
0.037000000000000026
0.035000000000000024
0.037000000000000026
0.02000000000000001
0.02900000000000002
0.023000000000000013
0.028000000000000018
0.028000000000000018
0.025000000000000015
0.03000000000000002
0.024000000000000014
0.03000000000000002
0.023000000000000013
0.02000000000000001
0.022000000000000013
0.026000000000000016
0.014000000000000005
0.022000000000000013
0.02000000000000001
0.023000000000000013
0.017000000000000008
0.01800000000000001
0.01800000000000001
0.023000000000000013
0.022000000000000013
0.023000000000000013
0.01800000000000001
