9.604491778889799e-07
0.0008502538271261563
0.0021475992153061605
0.003246371648544678
0.004028774363763924
0.004521232797078436
0.0047824342847087595
0.004870127712660953
0.0048324755816568305
0.0047071784346275885
0.004522858749652152
0.004300866540506622
0.0040569275994719
0.0038024927717442833
0.0035457931031100654
0.0032926475775328368
0.00304707508657592
0.002811756104951542
0.0025883801735005333
0.002377907488776454
0.002180765716102597
0.0019969981850819474
0.0018263752308108779
0.001668477940624991
0.001522760887745066
0.001388598919683067
0.0012653219232285637
0.0011522403919573244
0.0010486640644960978
0.0009539151842558698
0.0008673377882363598
0.0007883040715971213
0.0007162181983298611
0.0006505186710570018
0.0005906793607981961
