0.0025
0.007500000000000003
0.008500000000000004
0.010000000000000005
0.01600000000000001
0.018000000000000013
0.01600000000000001
0.020000000000000014
0.020000000000000014
0.024000000000000018
0.01700000000000001
0.021000000000000015
0.022000000000000016
0.02700000000000002
0.022000000000000016
0.02500000000000002
0.024000000000000018
0.030500000000000024
0.018500000000000013
0.023500000000000017
0.02500000000000002
0.01450000000000001
0.021500000000000016
0.023500000000000017
0.02650000000000002
0.02750000000000002
0.01650000000000001
0.02750000000000002
0.020000000000000014
0.022000000000000016
0.01450000000000001
0.02550000000000002
0.02650000000000002
0.022500000000000017
