0.08250000000000006
0.06400000000000004
0.05250000000000004
0.05200000000000004
0.048000000000000036
0.03900000000000003
0.04050000000000003
0.02800000000000002
0.03350000000000002
0.02700000000000002
0.023500000000000017
0.02750000000000002
0.021500000000000016
0.023000000000000017
0.020000000000000014
0.024000000000000018
0.02800000000000002
0.02500000000000002
0.03200000000000002
0.023000000000000017
0.020500000000000015
0.02700000000000002
0.02800000000000002
0.02550000000000002
0.01450000000000001
0.01500000000000001
0.020000000000000014
0.022000000000000016
0.021000000000000015
0.019500000000000014
0.020500000000000015
0.020000000000000014
0.019500000000000014
0.020000000000000014
