0
0.0
0.0003829722426428255
0.001635584435794976
0.002843642447091095
0.003753498199827231
0.004355482501866778
0.0047018492357492735
0.00485255225634593
0.0048599386942946715
0.0047657900311659
0.0046021454638137445
0.004393050979105309
0.004156302232074634
0.0039049174830405793
0.003648305864541589
0.0033931677022333516
0.003144178886077367
0.0029045077690409197
0.00267620452816825
0.0024604942078760308
0.0022579972558326657
0.0020688954990841775
0.0018930570225919423
0.0017301300363471981
0.001579613295374722
0.0014409087580498255
0.0013133607679638997
0.0011962849991129067
0.001088989621315227
0.0009907905545154055
0.0009010222369883567
0.0008190449966183433
0.0007442498592725976
0.0006760614337447478
0.0006139393639448444
0.0003829722426428255
0.001635584435794976
0.002843642447091095
0.003753498199827231
0.004355482501866778
0.0047018492357492735
0.00485255225634593
0.0048599386942946715
0.0047657900311659
0.0046021454638137445
0.004393050979105309
0.004156302232074634
0.0039049174830405793
0.003648305864541589
0.0033931677022333516
0.003144178886077367
0.0029045077690409197
0.00267620452816825
0.0024604942078760308
0.0022579972558326657
0.0020688954990841775
0.0018930570225919423
0.0017301300363471981
0.001579613295374722
0.0014409087580498255
0.0013133607679638997
0.0011962849991129067
0.001088989621315227
0.0009907905545154055
0.0009010222369883567
0.0008190449966183433
0.0007442498592725976
0.0006760614337447478
0.0006139393639448444
0.0005573787248592006
0.0005059096510050796
0.0003829722426428255
0.001635584435794976
0.002843642447091095
0.003753498199827231
0.004355482501866778
0.0047018492357492735
0.00485255225634593
0.0048599386942946715
0.0047657900311659
0.0046021454638137445
0.004393050979105309
0.004156302232074634
0.0039049174830405793
0.003648305864541589
0.0033931677022333516
0.003144178886077367
0.0029045077690409197
0.00267620452816825
0.0024604942078760308
0.0022579972558326657
0.0020688954990841775
0.0018930570225919423
0.0017301300363471981
0.001579613295374722
0.0014409087580498255
0.0013133607679638997
0.0011962849991129067
0.001088989621315227
0.0009907905545154055
0.0009010222369883567
0.0008190449966183433
0.0007442498592725976
0.0006760614337447478
0.0006139393639448444
