3.0474277170096165e-16
0.00011489337874800435
0.00045322171614257587
0.0010037979652544778
0.0017528640849373178
0.0026835554950279655
0.0037752357268971107
0.005002663816108026
0.00633494418216038
0.0077341908031899565
0.009153812025689583
0.010536285666809645
0.011810240402910538
0.012886579592880806
0.01365326267553601
0.013968172157221568
0.013649198405472173
0.012460195457652803
0.010090664612614637
0.0005059135346433751
0.0006139440511971726
0.0007442555253317771
0.0009010290466500519
0.001088997763219947
0.0013133704530888534
0.0015796247540439002
0.0018930704483888022
0.002258012772570248
0.0005059135346433751
