9.604491778889799e-07
0.0008502538271261563
0.0021475992153061605
0.003246371648544678
0.004028774363763924
0.004521232797078436
0.0047824342847087595
0.004870127712660953
0.0048324755816568305
0.0047071784346275885
0.004522858749652152
0.004300866540506622
0.0040569275994719
0.0038024927717442833
0.0035457931031100654
0.0032926475775328368
0.00304707508657592
0.002811756104951542
0.0025883801735005333
0.002377907488776454
0.002180765716102597
0.0019969981850819474
0.0018263752308108779
0.001668477940624991
0.001522760887745066
0.001388598919683067
0.0012653219232285637
0.0011522403919573244
0.0010486640644960978
0.0009539151842558698
0.0008673377882363598
0.0007883040715971213
0.0007162181983298611
0.0006505186710570018
0.0005906793607981961
0.0004961878930662002
0.0005466920123853308
0.0006021978577648626
0.0006631683787126871
0.0007301014383141862
0.0008035303098841357
0.0008840234551841749
0.0009721833104563986
0.0010686437231923534
0.001174065574264215
0.0012891299789556461
0.0014145282760967685
0.0015509477728777427
0.00169905189513431
0.001859452973402155
0.002032675339228325
0.002219105667067213
0.002418926510641967
0.0026320276621873053
0.002857888191573167
0.0030954196443875835
0.0033427576920859194
0.003596985285605694
0.003853764795962865
0.004106849526294602
0.004347436466062988
0.004563313349675945
0.004737747868732916
0.004848076505793101
0.004864005560629528
0.004745820470917906
0.004443240369776826
0.003897210519697834
0.003051500475384218
0.00189519304475183
0.0006053336465665836
0.0004961878930662002
0.0005466920123853308
0.0006021978577648626
0.0006631683787126871
0.0007301014383141862
0.0008035303098841357
0.0008840234551841749
0.0009721833104563986
0.0010686437231923534
0.001174065574264215
0.0012891299789556461
0.0014145282760967685
0.0015509477728777427
0.00169905189513431
0.001859452973402155
0.002032675339228325
0.002219105667067213
0.002418926510641967
0.0026320276621873053
0.002857888191573167
0.0030954196443875835
0.0033427576920859194
0.003596985285605694
0.003853764795962865
0.004106849526294602
0.004347436466062988
0.004563313349675945
0.004737747868732916
0.004848076505793101
0.004864005560629528
0.004745820470917906
0.004443240369776826
0.003897210519697834
0.003051500475384218
0.00189519304475183
0.0006053336465665836
