3843607
131739764
236910289
325354571
400915382
466217669
523145379
573104501
617177847
656221008
690924454
721855231
749485848
774214856
796381865
816278753
834158195
850240267
864717652
877759793
889516264
900119518
909687181
918323959
926123247
933168502
939534419
945287939
950489123
955191920
959444833
963291497
966771203
969919352
972767850
977230271
974850536
972220917
969314910
966103134
962553015
958628408
954289192
949490801
944183693
938312755
931816612
924626849
916667104
907852033
898086095
887262141
875259744
861943222
847159269
830734086
812469876
792140500
769486027
744205792
715949400
684304863
648782635
608793637
563618239
512361230
453884282
386700760
308804403
217374731
108235047
977230271
974850536
972220917
969314910
966103134
962553015
958628408
954289192
949490801
944183693
938312755
931816612
924626849
916667104
907852033
898086095
887262141
875259744
861943222
847159269
830734086
812469876
792140500
769486027
744205792
715949400
684304863
648782635
608793637
563618239
512361230
453884282
386700760
308804403
217374731
108235047
977230271
974850536
972220917
969314910
966103134
962553015
958628408
954289192
949490801
944183693
938312755
931816612
924626849
916667104
907852033
898086095
887262141
875259744
861943222
847159269
830734086
812469876
792140500
769486027
744205792
715949400
684304863
648782635
608793637
563618239
512361230
453884282
386700760
308804403
217374731
108235047
977230271
974850536
972220917
969314910
966103134
962553015
958628408
954289192
949490801
944183693
938312755
931816612
924626849
916667104
907852033
898086095
887262141
875259744
861943222
847159269
830734086
812469876
792140500
769486027
744205792
715949400
684304863
648782635
608793637
563618239
512361230
453884282
386700760
308804403
217374731
108235047
