0.002
0.003
0.008
0.008
0.009000000000000001
0.022000000000000013
0.009000000000000001
0.015000000000000006
0.015000000000000006
0.01900000000000001
0.02000000000000001
0.02000000000000001
0.016000000000000007
0.025000000000000015
0.022000000000000013
0.024000000000000014
0.02100000000000001
0.02900000000000002
0.028000000000000018
0.025000000000000015
0.02000000000000001
0.024000000000000014
0.03400000000000002
0.016000000000000007
0.023000000000000013
0.01900000000000001
0.02100000000000001
0.03000000000000002
0.02100000000000001
0.025000000000000015
0.025000000000000015
0.027000000000000017
0.017000000000000008
0.027000000000000017
0.024000000000000014
0.0
0.0
0.0
0.0
0.0
0.0
0.0
0.0
0.0
0.0
0.0
0.1
0.0
0.0
0.0
0.0
0.0
0.0
0.0
0.0
0.0
0.0
0.0
0.0
0.0
0.1
0.0
0.1
0.0
0.0
0.0
0.0
0.0
0.0
0.0
0.0
0.0
0.0
0.0
0.0
0.0
0.0
0.0
0.1
0.1
0.0
0.0
0.0
0.0
0.0
0.0
0.0
0.0
0.0
0.1
0.0
0.0
0.0
0.0
0.0
0.0
0.0
0.0
0.0
0.0
0.1
0.0
0.0
0.0
0.0
0.0
0.0
0.0
0.0
0.0
0.0
0.0
0.1
0.0
0.1
0.0
0.0
0.0
0.0
0.1
0.0
0.0
0.0
0.0
0.0
0.1
0.0
0.0
0.0
0.1
0.0
0.0
0.0
0.0
0.0
0.0
0.0
0.1
0.0
0.0
0.0
0.0
0.0
